idx	label	predict	radius	correct	best_sigma	pABar	time
0	0	0	0.1873594659002418	1	0.24765625000000002	0.7753343542282884	0:00:50.541406
200	4	395	0.046561886309832615	0	0.25	0.5738746797668168	0:00:46.329124
400	8	8	1.0578904417175186	1	0.28671875	0.9998877164589319	0:00:46.339774
600	12	12	0.06357391585431858	1	0.23984375000000002	0.6045198754446122	0:00:46.356650
800	16	16	1.003485048330001	1	0.26328125	0.9999309248330094	0:00:46.359677
1000	20	20	0.9327137862384414	1	0.25546875	0.9998693841638043	0:00:46.360323
1200	24	24	1.1225930659359358	1	0.29453125	0.9999309248330094	0:00:46.363896
1400	28	28	0.13586916415810898	1	0.22421875000000002	0.7277316678827493	0:00:46.367651
1600	32	-1	0.0	0	0.25	0.32743426119308255	0:00:46.366219
1800	36	35	0.6093094699357362	0	0.29453125	0.9807148964072667	0:00:46.377356
2000	40	31	0.16352296662422114	0	0.16171875000000002	0.8440292360800373	0:00:46.376680
2200	44	44	0.7477858277914667	1	0.26328125	0.997746124205927	0:00:46.377611
2400	48	48	0.1908672846917266	1	0.25546875	0.7725061747952429	0:00:46.377584
2600	52	52	0.4075912548504977	1	0.25	0.9484878133996706	0:00:46.375692
2800	56	56	0.5454184430189566	1	0.26328125	0.9808495072653395	0:00:46.379726
3000	60	62	0.5958304505471969	0	0.20859375000000002	0.9978577307974136	0:00:46.381146
3200	64	64	0.6228439748386835	1	0.24765625000000002	0.9940475972927898	0:00:46.377097
3400	68	60	0.3615360136165255	0	0.26328125	0.9151538483893327	0:00:46.378610
3600	72	72	0.9528641408474786	1	0.25	0.9999309248330094	0:00:46.379282
3800	76	76	0.6392526392866621	1	0.25	0.9947211993332739	0:00:46.378830
4000	80	80	1.0418868225612419	1	0.30234375	0.9997155605417443	0:00:46.379182
4200	84	84	0.46361536430020334	1	0.26328125	0.9608734316750827	0:00:46.378908
4400	88	88	0.21114853385433444	1	0.25546875	0.795743749462466	0:00:46.379644
4600	92	92	0.4964744322744055	1	0.25	0.9764776595263291	0:00:46.378234
4800	96	96	1.1980237607325326	1	0.33359375	0.99983546197196	0:00:46.380510
5000	100	100	1.127223625655816	1	0.31796875	0.99980375061591	0:00:46.380553
5200	104	342	0.9300283938861555	0	0.32578125	0.9978465550465351	0:00:46.382741
5400	108	470	0.6129623191944585	0	0.21640625000000002	0.9976904418397043	0:00:46.380390
5600	112	112	0.9306597676423101	1	0.27109375	0.999701508337647	0:00:46.380891
5800	116	116	1.2417010835418707	1	0.32578125	0.9999309248330094	0:00:46.382995
6000	120	119	0.15864808676310713	0	0.26328125	0.7266060255901697	0:00:46.380857
6200	124	123	0.27081428578659084	0	0.30234375	0.81479790236264	0:00:46.385785
6400	128	128	0.9735696603610978	1	0.27109375	0.99983546197196	0:00:46.383044
6600	132	132	0.9552300161044358	1	0.25546875	0.9999076696662654	0:00:46.379128
6800	136	136	1.1305015786924055	1	0.30234375	0.9999076696662654	0:00:46.381795
7000	140	140	1.0720777244964157	1	0.28671875	0.9999076696662654	0:00:46.380800
7200	144	144	0.9552300161044358	1	0.25546875	0.9999076696662654	0:00:46.379310
7400	148	148	1.2176885521947212	1	0.38046875	0.9993140426289315	0:00:46.383032
7600	152	152	0.7941705167439859	1	0.25546875	0.9990603733661326	0:00:46.385405
7800	156	156	1.0784339364621458	1	0.30234375	0.9998193945239596	0:00:46.382198
8000	160	160	0.9737080439285173	1	0.25546875	0.9999309248330094	0:00:46.381418
8200	164	164	0.30969882439968566	1	0.26328125	0.8802633190285175	0:00:46.382729
8400	168	211	0.13489312139675583	0	0.22421875000000002	0.7262844199664221	0:00:46.382361
8600	172	172	0.6218790756910297	1	0.25	0.9935680721229226	0:00:46.381178
8800	176	176	0.6604232709941613	1	0.22421875000000002	0.998387530760141	0:00:46.381976
9000	180	243	0.28445842144770717	0	0.24765625000000002	0.8746398985085425	0:00:46.381484
9200	184	188	0.029529950841386238	0	0.23203125000000002	0.5506355116986674	0:00:46.382108
9400	188	188	0.15872675250989363	1	0.24765625000000002	0.7392112380525799	0:00:46.382725
9600	192	199	0.6686746483969643	0	0.25546875	0.9955704235063241	0:00:46.382175
9800	196	199	0.8844231823321107	0	0.29453125	0.9986625299517738	0:00:46.383122
10000	200	200	0.8098171797393258	1	0.25	0.9994008169413888	0:00:46.381624
10200	204	204	0.2770709607189346	1	0.15390625000000002	0.9640900467889454	0:00:46.378348
10400	208	208	0.8451417677800139	1	0.28671875	0.9983989172767253	0:00:46.385965
10600	212	212	0.4389516642810395	1	0.19296875000000002	0.9885389123229071	0:00:46.378891
10800	216	216	0.7763754282067153	1	0.25546875	0.998813266660059	0:00:46.380883
11000	220	220	0.8471437141064743	1	0.23203125000000002	0.9998693841638043	0:00:46.382594
11200	224	233	0.22420889523719859	0	0.25546875	0.8099297004531042	0:00:46.382960
11400	228	228	0.9254192162640974	1	0.28671875	0.9993758769732942	0:00:46.383492
11600	232	232	0.8397577368090684	1	0.27109375	0.9990247425013553	0:00:46.383081
11800	236	234	0.035086578168647804	0	0.25546875	0.5546197462672129	0:00:46.382617
12000	240	238	0.9285518984134596	0	0.31796875	0.9982513110831529	0:00:46.383006
12200	244	244	1.0718318012992647	1	0.30234375	0.99980375061591	0:00:46.381381
12400	248	248	0.2972816009216661	1	0.27890625	0.8567618708051511	0:00:46.380605
12600	252	252	0.814893459019322	1	0.23984375000000002	0.9996601030425049	0:00:46.381542
12800	256	256	0.9710770457636969	1	0.28671875	0.9996465162324251	0:00:46.383770
13000	260	260	0.6614451464046113	1	0.27890625	0.9911436072613439	0:00:46.385666
13200	264	264	0.33062858069805695	1	0.26328125	0.8954057451986756	0:00:46.382386
13400	268	268	0.9810590166553095	1	0.27109375	0.9998520664920749	0:00:46.383946
13600	272	274	0.38049426797189545	0	0.27890625	0.9137535304692466	0:00:46.383344
13800	276	276	0.9596495655016057	1	0.31015625	0.9990128928942644	0:00:46.382741
14000	280	280	0.7368820961450018	1	0.23203125000000002	0.9992528498524882	0:00:46.383079
14200	284	284	1.1889254328883956	1	0.31796875	0.9999076696662654	0:00:46.385008
14400	288	288	0.7220455089526935	1	0.25546875	0.9976459510334945	0:00:46.386042
14600	292	290	0.6031817177550203	0	0.25	0.9920831600579826	0:00:46.384754
14800	296	296	0.7631997545977305	1	0.25546875	0.998593416935857	0:00:46.383063
15000	300	300	1.2920575521944566	1	0.35703125	0.9998520664920749	0:00:46.382698
15200	304	301	0.8479859421779058	0	0.27109375	0.9991200509139545	0:00:46.385062
15400	308	308	0.80118314542008	1	0.25546875	0.9991440327500458	0:00:46.382324
15600	312	-1	0.0	0	0.25	0.24220114339851392	0:00:46.383962
15800	316	316	1.0376042049351544	1	0.28671875	0.9998520664920749	0:00:46.382609
16000	320	320	0.920661741154783	1	0.28671875	0.9993386932139904	0:00:46.382933
16200	324	324	0.9029105843875246	1	0.27109375	0.9995667378034977	0:00:46.382732
16400	328	328	1.2370710890347847	1	0.38046875	0.9994258887731982	0:00:46.382641
16600	332	153	0.2666678960436912	0	0.22421875000000002	0.8828431618359107	0:00:46.378599
16800	336	336	0.8184303560977714	1	0.27109375	0.998731921478885	0:00:46.383036
17000	340	340	1.2417010835418707	1	0.32578125	0.9999309248330094	0:00:46.382384
17200	344	344	1.0630390571329684	1	0.27890625	0.9999309248330094	0:00:46.383036
17400	348	348	0.7951395499689887	1	0.25	0.9992650419498025	0:00:46.381977
17600	352	352	0.8582453188632253	1	0.25	0.999701508337647	0:00:46.382491
17800	356	-1	0.0	0	0.25	0.18618224545770407	0:00:46.382272
18000	360	360	0.8765497055217826	1	0.27109375	0.9993883311143733	0:00:46.383719
18200	364	364	0.7237634121315231	1	0.25	0.9981045313164705	0:00:46.383190
18400	368	368	0.9507373425474483	1	0.27109375	0.9997734417385464	0:00:46.383306
18600	372	372	0.5342108071372568	1	0.25546875	0.9817404678836851	0:00:46.381973
18800	376	376	0.7735210603539391	1	0.25	0.9990128928942644	0:00:46.384917
19000	380	380	0.8165117517513416	1	0.26328125	0.9990366055818635	0:00:46.383959
19200	384	-1	0.0	0	0.25	0.47537417649408803	0:00:46.383827
19400	388	388	0.5989017466744702	1	0.23984375000000002	0.9937384285467317	0:00:46.384521
19600	392	397	0.5918610390217502	0	0.26328125	0.9877124849682102	0:00:46.385730
19800	396	396	1.4334205228940688	1	0.39609375	0.9998520664920749	0:00:46.385953
20000	400	400	0.5849812812823929	1	0.20859375000000002	0.9974795201945408	0:00:46.383603
20200	404	404	1.0332620527314846	1	0.27109375	0.9999309248330094	0:00:46.382818
20400	408	847	0.5703523516428346	0	0.25	0.9887378840326736	0:00:46.385552
20600	412	412	0.4245632711418213	1	0.25546875	0.9517334906904819	0:00:46.383328
20800	416	416	0.8686325643244922	1	0.25	0.9997441256771917	0:00:46.381614
21000	420	420	0.23892396014757605	1	0.25	0.8303870377272138	0:00:46.382625
21200	424	-1	0.0	0	0.25	0.42824747696770954	0:00:46.379134
21400	428	428	1.006992496132484	1	0.30234375	0.9995667378034977	0:00:46.383837
21600	432	432	0.9843001000712616	1	0.28671875	0.999701508337647	0:00:46.384404
21800	436	436	1.0296831854539565	1	0.28671875	0.99983546197196	0:00:46.383932
22000	440	737	0.059974357693300714	0	0.23984375000000002	0.5987279611208868	0:00:46.382762
22200	444	-1	0.0	0	0.25	0.321525739731497	0:00:46.381127
22400	448	448	0.7264968660635694	1	0.27109375	0.996317496966999	0:00:46.383048
22600	452	452	0.8560430328639065	1	0.26328125	0.9994258887731982	0:00:46.382798
22800	456	645	0.09052217848869168	0	0.27890625	0.6272434441710484	0:00:46.384633
23000	460	978	0.30580080218825006	0	0.22421875000000002	0.9136926521009135	0:00:46.381068
23200	464	439	0.5544683817507964	0	0.25546875	0.9850115744557836	0:00:46.383372
23400	468	468	1.4614453786124848	1	0.39609375	0.9998877164589319	0:00:46.385064
23600	472	472	1.1155411469882281	1	0.30234375	0.9998877164589319	0:00:46.382972
23800	476	476	0.9127474360743156	1	0.25	0.9998693841638043	0:00:46.387838
24000	480	509	1.0928160615344522	0	0.28671875	0.9999309248330094	0:00:46.385503
24200	484	871	0.91536725941219	0	0.27109375	0.9996330226941356	0:00:46.380735
24400	488	488	0.5424449165727421	1	0.23203125000000002	0.9903014399749185	0:00:46.384273
24600	492	492	0.7965733796517104	1	0.24765625000000002	0.9993510590990743	0:00:46.379944
24800	496	496	0.41574308155879985	1	0.19296875000000002	0.9843978667661437	0:00:46.380349
25000	500	500	1.003485048330001	1	0.26328125	0.9999309248330094	0:00:46.382051
25200	504	504	0.21499742844185732	1	0.26328125	0.7929235999788172	0:00:46.385507
25400	508	508	1.1225930659359358	1	0.29453125	0.9999309248330094	0:00:46.383174
25600	512	740	0.2534333078561893	0	0.25	0.8446449687032629	0:00:46.384814
25800	516	431	0.1320408460334453	0	0.22421875000000002	0.7220334636618355	0:00:46.380964
26000	520	520	1.0332620527314846	1	0.27109375	0.9999309248330094	0:00:46.382104
26200	524	461	0.6533274319507902	0	0.25	0.9955165001015585	0:00:46.381556
26400	528	-1	0.0	0	0.25	0.3082570436873006	0:00:46.383821
26600	532	532	0.23050399349975303	1	0.23984375000000002	0.831738747342472	0:00:46.383436
26800	536	403	0.8708498898444551	0	0.25546875	0.9996737910283393	0:00:46.384125
27000	540	540	1.0630390571329684	1	0.27890625	0.9999309248330094	0:00:46.384799
27200	544	926	0.7936871192151771	0	0.23203125000000002	0.9996875892797028	0:00:46.384122
27400	548	548	0.9047230124775187	1	0.25	0.9998520664920749	0:00:46.381919
27600	552	552	1.0658767990750768	1	0.29453125	0.9998520664920749	0:00:46.388528
27800	556	421	0.060274980241028016	0	0.25	0.5952611629839657	0:00:46.383854
28000	560	768	0.33374434053194163	0	0.25546875	0.9042916941434535	0:00:46.387427
28200	564	564	0.3100180930030872	1	0.22421875000000002	0.9166152893993412	0:00:46.383067
28400	568	399	0.6921745524538863	0	0.22421875000000002	0.9989892329609715	0:00:46.383689
28600	572	418	0.1254739244863267	0	0.25	0.692129554189316	0:00:46.385562
28800	576	576	0.22648179397890045	1	0.21640625000000002	0.852348367823182	0:00:46.381343
29000	580	738	1.082358586594387	0	0.32578125	0.9995536830694733	0:00:46.383722
29200	584	754	0.09818000257009506	0	0.25	0.652736855181473	0:00:46.382373
29400	588	588	0.6702931654502431	1	0.24765625000000002	0.9966006473479571	0:00:46.382968
29600	592	592	0.9347816671358392	1	0.25	0.9999076696662654	0:00:46.383898
29800	596	56	0.027609588044806288	0	0.25	0.5439691307509262	0:00:46.382009
30000	600	517	0.2695160791952463	0	0.23984375000000002	0.8694330773425493	0:00:46.384362
30200	604	604	0.3640667976048074	1	0.25	0.9273406141501385	0:00:46.381093
30400	608	608	0.45918387269352595	1	0.23984375000000002	0.9722226523140953	0:00:46.384766
30600	612	612	0.9834898955570434	1	0.29453125	0.9995798542877441	0:00:46.384549
30800	616	534	0.12047479803667571	0	0.25	0.6850612199861823	0:00:46.385938
31000	620	681	0.15618098167650712	0	0.20078125000000002	0.7816761014194211	0:00:46.385377
31200	624	453	0.8416718255936503	0	0.25	0.9996196155034057	0:00:46.383019
31400	628	624	0.1964004073131979	0	0.21640625000000002	0.817943106900014	0:00:46.381706
31600	632	632	0.8813104930742153	1	0.25	0.9997884519347523	0:00:46.381663
31800	636	636	0.6099806480042274	1	0.25	0.9926547953190216	0:00:46.381744
32000	640	640	1.211924079140387	1	0.31796875	0.9999309248330094	0:00:46.383669
32200	644	644	0.8601248812646979	1	0.34921875	0.9931109546901431	0:00:46.383253
32400	648	729	0.10356956764508812	0	0.25546875	0.6574118928952009	0:00:46.383753
32600	652	652	0.8396960459556971	1	0.23203125000000002	0.9998520664920749	0:00:46.380729
32800	656	656	0.045410191164746504	1	0.23203125000000002	0.5775803339864597	0:00:46.382046
33000	660	660	0.40105973372878784	1	0.23984375000000002	0.9527546842240932	0:00:46.382800
33200	664	851	0.17680284595330784	0	0.21640625000000002	0.7930343859859046	0:00:46.380451
33400	668	668	0.17065433224369897	1	0.22421875000000002	0.7767032497533923	0:00:46.382499
33600	672	672	0.4764382194922609	1	0.23203125000000002	0.9799800201979709	0:00:46.378895
33800	676	560	0.6759676849299004	0	0.20078125000000002	0.9996196155034057	0:00:46.380928
34000	680	793	0.1475832661279479	0	0.25546875	0.7182652981736877	0:00:46.381102
34200	684	684	0.8528387174129776	1	0.26328125	0.9994008169413888	0:00:46.381554
34400	688	688	1.1523700703374196	1	0.30234375	0.9999309248330094	0:00:46.381855
34600	692	481	0.032949503037238224	0	0.23203125000000002	0.556461810806951	0:00:46.379946
34800	696	-1	0.0	0	0.25	0.26499557993414696	0:00:46.382847
35000	700	700	0.4486732131668333	1	0.24765625000000002	0.9649819655788184	0:00:46.379337
35200	704	704	0.9690682045745117	1	0.27890625	0.9997441256771917	0:00:46.383064
35400	708	682	0.9461734882897488	0	0.27109375	0.9997586773435911	0:00:46.380521
35600	712	592	0.2924637260734884	0	0.23203125000000002	0.8962464139557009	0:00:46.381639
35800	716	716	0.9174561352682392	1	0.25546875	0.99983546197196	0:00:46.381427
36000	720	720	0.7176111180285113	1	0.22421875000000002	0.9993140426289315	0:00:46.381904
36200	724	780	1.0332620527314846	0	0.27109375	0.9999309248330094	0:00:46.380524
36400	728	728	0.48448130975014114	1	0.31015625	0.9408625553267139	0:00:46.383969
36600	732	732	1.0468072157477308	1	0.28671875	0.9998693841638043	0:00:46.381027
36800	736	736	1.1038539305023756	1	0.30234375	0.9998693841638043	0:00:46.382069
37000	740	691	0.1807985029899589	0	0.23203125000000002	0.782068731442244	0:00:46.382001
37200	744	657	1.003485048330001	0	0.26328125	0.9999309248330094	0:00:46.379030
37400	748	748	0.8115418878424013	1	0.32578125	0.9936319381338086	0:00:46.384495
37600	752	-1	0.0	0	0.25	0.36961428946857294	0:00:46.384477
37800	756	756	0.9737080439285173	1	0.25546875	0.9999309248330094	0:00:46.381822
38000	760	651	0.4152232818175676	0	0.21640625000000002	0.97249019295011	0:00:46.380525
38200	764	650	0.12201426796246073	0	0.23203125000000002	0.7005047353892115	0:00:46.384094
38400	768	768	0.6427508296297285	1	0.23984375000000002	0.996317496966999	0:00:46.381543
38600	772	772	0.7664575960684031	1	0.25546875	0.998650992446753	0:00:46.381614
38800	776	683	0.20636788614647128	0	0.24765625000000002	0.7976575921631288	0:00:46.384982
39000	780	780	0.10252763522254367	1	0.25	0.659137569680303	0:00:46.378313
39200	784	505	0.20447759768809604	0	0.25546875	0.7882609244844095	0:00:46.381956
39400	788	743	0.48296372524731374	0	0.18515625000000002	0.9954518259030731	0:00:46.379192
39600	792	795	0.2250853510467759	0	0.27109375	0.7968114551755354	0:00:46.383897
39800	796	796	1.009331610795232	1	0.27890625	0.9998520664920749	0:00:46.383593
40000	800	800	1.0907203909770589	1	0.32578125	0.9995930364263365	0:00:46.384316
40200	804	804	0.37995209496727367	1	0.22421875000000002	0.9549205270145019	0:00:46.379060
40400	808	808	1.0720777244964157	1	0.28671875	0.9999076696662654	0:00:46.383326
40600	812	812	1.0578904417175186	1	0.28671875	0.9998877164589319	0:00:46.382920
40800	816	816	1.003485048330001	1	0.26328125	0.9999309248330094	0:00:46.382329
41000	820	820	0.328290008519702	1	0.23984375000000002	0.9144638088916387	0:00:46.380414
41200	824	824	0.6864973866385894	1	0.25	0.9969835657077027	0:00:46.381386
41400	828	618	0.05693311916267887	0	0.23203125000000002	0.5969143737751939	0:00:46.382607
41600	832	832	0.6371928534803177	1	0.22421875000000002	0.9977572701118141	0:00:46.380892
41800	836	444	0.516276750611682	0	0.23203125000000002	0.9869604252445329	0:00:46.383352
42000	840	840	1.003485048330001	1	0.26328125	0.9999309248330094	0:00:46.383309
42200	844	844	0.9737080439285173	1	0.25546875	0.9999309248330094	0:00:46.378000
42400	848	848	0.4552607310045149	1	0.25	0.9656998338698608	0:00:46.382928
42600	852	852	1.376486835260296	1	0.38828125	0.99980375061591	0:00:46.384079
42800	856	856	0.5222651494709096	1	0.20859375000000002	0.9938556376120145	0:00:46.381783
43000	860	892	0.719758079136974	0	0.25546875	0.9975793030586617	0:00:46.385466
43200	864	864	0.17859897493505705	1	0.26328125	0.7512276733208678	0:00:46.382128
43400	868	968	0.2694390235585535	0	0.25	0.8594286909861149	0:00:46.383791
43600	872	840	0.14756791515077564	0	0.24765625000000002	0.7243648958759916	0:00:46.384604
43800	876	648	0.3658601518746336	0	0.25	0.9283265729702346	0:00:46.379398
44000	880	870	0.47437674207473457	0	0.23203125000000002	0.9795455402939743	0:00:46.382890
44200	884	884	1.0239967757780672	1	0.30234375	0.9996465162324251	0:00:46.383667
44400	888	718	1.0002397364468092	0	0.27109375	0.9998877164589319	0:00:46.381696
44600	892	442	0.7280355082805848	0	0.20859375000000002	0.9997586773435911	0:00:46.380641
44800	896	896	0.5748585985525155	1	0.20078125000000002	0.9979024687173618	0:00:46.379470
45000	900	900	1.1305015786924055	1	0.30234375	0.9999076696662654	0:00:46.383683
45200	904	905	0.7502354012928446	0	0.23984375000000002	0.9991200509139545	0:00:46.383036
45400	908	895	0.7637686863521678	0	0.23203125000000002	0.9995020156394611	0:00:46.379313
45600	912	912	0.6593503303772922	1	0.26328125	0.993866296670535	0:00:46.384623
45800	916	916	1.0928160615344522	1	0.28671875	0.9999309248330094	0:00:46.380529
46000	920	672	0.35216427200865036	0	0.25546875	0.9159758784674065	0:00:46.382203
46200	924	924	0.6491111790465117	1	0.25	0.995290296882637	0:00:46.383015
46400	928	927	0.7413915069110522	0	0.22421875000000002	0.9995277450507511	0:00:46.381982
46600	932	932	0.5462811930648133	1	0.23203125000000002	0.9907222645688509	0:00:46.383213
46800	936	936	0.91536725941219	1	0.27109375	0.9996330226941356	0:00:46.384127
47000	940	940	0.3316856370965579	1	0.23984375000000002	0.9166558885334527	0:00:46.381783
47200	944	946	1.0926862129190564	0	0.35703125	0.9988950792707212	0:00:46.380872
47400	948	948	0.9737080439285173	1	0.25546875	0.9999309248330094	0:00:46.379701
47600	952	90	1.0332620527314846	0	0.27109375	0.9999309248330094	0:00:46.380714
47800	956	956	0.9737080439285173	1	0.25546875	0.9999309248330094	0:00:46.380267
48000	960	960	0.7828944837937645	1	0.23984375000000002	0.9994511036168581	0:00:46.384141
48200	964	961	0.35005153253666355	0	0.18515625000000002	0.970659361630243	0:00:46.380318
48400	968	968	0.9327137862384414	1	0.25546875	0.9998693841638043	0:00:46.383857
48600	972	979	0.9347816671358392	0	0.25	0.9999076696662654	0:00:46.380654
48800	976	780	0.23706056569982903	0	0.23203125000000002	0.8465326654821378	0:00:46.381205
49000	980	980	0.9737080439285173	1	0.25546875	0.9999309248330094	0:00:46.380223
49200	984	984	1.1038539305023756	1	0.30234375	0.9998693841638043	0:00:46.383276
49400	988	988	0.5472303971872712	1	0.25	0.9856987301753558	0:00:46.381324
49600	992	992	1.0279752307931853	1	0.29453125	0.9997586773435911	0:00:46.385885
49800	996	996	0.7548638904273118	1	0.24765625000000002	0.9988482686110955	0:00:46.385128
