idx	label	predict	radius	correct	best_sigma	pABar	time
0	3	3	0.6880680419908459	1	0.27296875	0.9941436557718172	0:00:04.502237
20	7	7	0.5841948228108608	1	0.5	0.8786751851676905	0:00:04.394343
40	4	4	0.647076374089562	1	0.5	0.9021936677275392	0:00:04.394804
60	7	7	1.4699060881890487	1	0.5510937499999999	0.9961762884228236	0:00:04.395130
80	8	8	1.4257418259967818	1	0.5	0.9978242138076093	0:00:04.395632
100	4	5	0.39224199212888766	0	0.30078125	0.9038963814494954	0:00:04.394886
120	8	8	1.2935443869592411	1	0.38421874999999994	0.9996196155034057	0:00:04.398427
140	6	6	0.49115285948000664	1	0.5	0.8370253710344899	0:00:04.399818
160	2	2	0.6628462402735913	1	0.38421874999999994	0.957752418962633	0:00:04.401139
180	0	0	1.4581259924246368	1	0.5	0.998228678726929	0:00:04.401625
200	5	5	0.2738603195616767	1	0.4954687499999999	0.7097757614970751	0:00:04.401680
220	7	7	1.393807787196138	1	0.71796875	0.9738903209855104	0:00:04.403420
240	1	1	2.071475864417639	1	0.8848437499999999	0.9903855651747158	0:00:04.406214
260	8	8	0.056557792137746164	1	0.16171874999999997	0.6367290848224083	0:00:04.403513
280	9	9	1.9612753744122353	1	0.66234375	0.9984673578929563	0:00:04.406748
300	6	6	1.3933653178919418	1	0.60671875	0.989178025962728	0:00:04.406562
320	3	5	1.1053669547162226	0	0.38421874999999994	0.997992118821712	0:00:04.406462
340	2	4	0.7049631429847999	0	0.27296875	0.9950967432395442	0:00:04.406051
360	9	9	1.1427748733591412	1	0.7457812500000001	0.9372781481987514	0:00:04.410365
380	6	6	1.1666764651112234	1	0.5510937499999999	0.9828709228197803	0:00:04.409676
400	9	9	1.5630696756109002	1	0.8014062499999999	0.9744362836667663	0:00:04.411676
420	4	4	1.0807061870871517	1	0.5	0.9846682504572013	0:00:04.410406
440	1	1	0.9336976960800384	1	0.5	0.9690768035951507	0:00:04.411305
460	5	5	1.1052705554441933	1	0.60671875	0.9657511182983273	0:00:04.411676
480	8	9	1.0229827325641094	0	0.7457812500000001	0.9149204466006177	0:00:04.413081
500	4	6	0.8798804710212411	0	1.41328125	0.7332196818637963	0:00:04.415544
520	5	5	0.6384545352480091	1	0.38421874999999994	0.9517130695419176	0:00:04.411874
540	1	1	0.9124772176915495	1	0.41203124999999996	0.9866056346898237	0:00:04.410558
560	0	0	1.652248032563095	1	0.5232812499999999	0.999204293551156	0:00:04.411205
580	4	4	0.958262175646566	1	0.32859375	0.998228678726929	0:00:04.409571
600	8	8	0.9808914893478693	1	0.5	0.9751061218984912	0:00:04.411896
620	7	7	0.5621435632721263	1	0.5	0.8695543810569064	0:00:04.410981
640	5	3	1.0042540342949446	0	0.41203124999999996	0.9926018113130968	0:00:04.412219
660	9	9	2.03732553523418	1	0.7735937500000001	0.9957755760257574	0:00:04.414861
680	9	9	0.3629508855836316	1	0.71796875	0.6934047976010553	0:00:04.415669
700	7	7	1.4162306291857525	1	0.5	0.9976904418397043	0:00:04.414484
720	4	7	0.18525879851261304	0	0.5	0.6445015662304501	0:00:04.414653
740	2	5	1.2436265138913571	0	0.69015625	0.9642233020797824	0:00:04.417753
760	3	3	0.43963588665439013	1	0.24515624999999996	0.963536598283047	0:00:04.414780
780	9	9	0.9142366527474416	1	0.43984375	0.9811705746365381	0:00:04.416672
800	7	7	2.006148586296596	1	0.60671875	0.9995277450507511	0:00:04.416186
820	6	6	0.03054400726378866	1	0.5	0.5243554428271651	0:00:04.416573
840	7	7	2.1113397547875405	1	0.8570312499999999	0.9931215740563313	0:00:04.418071
860	4	4	1.34494641939033	1	0.41203124999999996	0.9994511036168581	0:00:04.414677
880	8	8	1.9944637548113784	1	0.5232812499999999	0.9999309248330094	0:00:04.416927
900	2	6	0.5143767357839218	0	0.57890625	0.8128726782571299	0:00:04.418029
920	6	6	0.887793088171534	1	0.66234375	0.9099392722356212	0:00:04.420130
940	9	9	1.610263156683702	1	0.71796875	0.9875452705415636	0:00:04.418802
960	9	9	1.4996447317173986	1	0.8292187499999999	0.9647358874656226	0:00:04.419342
980	2	6	1.3379710178434259	0	0.5	0.9962740233987695	0:00:04.417171
1000	5	5	1.6318514379693214	1	0.5510937499999999	0.9984673578929563	0:00:04.417747
1020	1	1	1.4588744166004026	1	0.63453125	0.9892514258249816	0:00:04.418473
1040	7	5	2.844833462786449	0	1.38546875	0.9799800201979709	0:00:04.422415
1060	9	9	2.226714815926357	1	0.8014062499999999	0.9972695535175284	0:00:04.420035
1080	6	6	1.2434640966779398	1	0.5	0.9935574298159097	0:00:04.417846
1100	7	-1	0.0	0	0.5	0.4851306858442303	0:00:04.418475
1120	5	2	0.7691008316417653	0	0.30078125	0.9947211993332739	0:00:04.419861
1140	6	6	0.8359939238017744	1	0.57890625	0.9256434605141046	0:00:04.418652
1160	8	8	0.6530508489764203	1	0.5	0.9042410121812009	0:00:04.420160
1180	3	3	0.6479124245369644	1	0.57890625	0.8684727897120259	0:00:04.419975
1200	8	8	0.7333091521237857	1	0.46765625	0.9415654599439913	0:00:04.419338
1220	9	6	0.14826452404721546	0	0.5	0.6165869566290803	0:00:04.418324
1240	2	6	1.3172278326718674	0	0.5	0.9957863845739002	0:00:04.418002
1260	1	9	1.3926683517963911	0	0.7735937500000001	0.9640900467889454	0:00:04.420745
1280	3	7	0.47520499191875903	0	0.7735937500000001	0.7304856203524766	0:00:04.421692
1300	4	3	2.0558634637512694	0	1.5801562500000002	0.903379456873421	0:00:04.424945
1320	7	2	0.9019235307078071	0	0.32859375	0.9969725940560641	0:00:04.420035
1340	1	1	1.7645241098001199	1	0.57890625	0.9988482686110955	0:00:04.421912
1360	7	7	0.903067322205456	1	0.5	0.9645513447577998	0:00:04.420519
1380	4	5	1.065713939060392	0	0.5	0.9834730458928117	0:00:04.420016
1400	5	5	0.46769921858729896	1	0.27296875	0.956678680675676	0:00:04.417309
1420	4	7	0.5006171784060147	0	0.38421874999999994	0.9037037986946834	0:00:04.419055
1440	0	0	0.560335747952146	1	0.5	0.8687861402177819	0:00:04.419761
1460	6	6	1.5435251343919414	1	0.5	0.9989892329609715	0:00:04.419957
1480	1	1	0.7021122527129504	1	0.5	0.9198739965940277	0:00:04.421029
1500	1	1	0.7478061345170779	1	0.32859375	0.9885703232671454	0:00:04.421408
1520	7	7	1.3637013977145596	1	0.5	0.9968082468761353	0:00:04.420841
1540	8	8	1.7451038400733117	1	0.5	0.9997586773435911	0:00:04.421095
1560	7	7	2.4732726470419917	1	0.8570312499999999	0.9980482744504692	0:00:04.423041
1580	6	1	0.5877191121071762	0	0.4954687499999999	0.8822259784893538	0:00:04.420897
1600	8	9	0.48643464019163246	0	0.66234375	0.7686518255864936	0:00:04.421043
1620	5	8	0.40516490077222933	0	0.21734375	0.9688508249567005	0:00:04.418981
1640	7	3	0.9201876264231196	0	0.46765625	0.97544630728234	0:00:04.422899
1660	3	5	0.3436831600630352	0	0.5	0.7540740420624409	0:00:04.422794
1680	6	6	2.0407846105249794	1	0.57890625	0.9997884519347523	0:00:04.422314
1700	5	5	0.09581996675408565	1	0.5	0.5759878700950885	0:00:04.422311
1720	4	4	0.18348277483644856	1	0.5	0.643177642308868	0:00:04.422131
1740	1	9	0.4453023232136981	0	0.60671875	0.7685109448163949	0:00:04.423238
1760	0	8	0.5371294149972895	0	0.32859375	0.9489367507447264	0:00:04.419383
1780	7	7	1.089478301485501	1	0.41203124999999996	0.9959053546793608	0:00:04.421978
1800	4	9	0.4772661811433789	0	0.71796875	0.746893216651132	0:00:04.422961
1820	8	8	0.8852267181916886	1	0.32859375	0.9964698356239093	0:00:04.423352
1840	8	7	0.5814288437088595	0	0.30078125	0.9733857277181813	0:00:04.421726
1860	8	8	1.4757751514629047	1	0.5510937499999999	0.9962957573809338	0:00:04.425617
1880	1	1	1.9715346822526991	1	0.71796875	0.9969835657077027	0:00:04.424920
1900	8	8	1.9104944771330516	1	0.5232812499999999	0.9998693841638043	0:00:04.422069
1920	2	2	1.5053989945669763	1	0.5	0.9986971893065058	0:00:04.422041
1940	5	-1	0.0	0	0.5	0.3698237430302165	0:00:04.422915
1960	2	5	1.241225573094683	0	0.46765625	0.9960244688892407	0:00:04.422454
1980	9	9	2.47991827206865	1	0.7735937500000001	0.9993263546997057	0:00:04.424819
2000	1	1	0.07436260215087938	1	0.41203124999999996	0.5716113628417294	0:00:04.422466
2020	9	9	2.47955766695345	1	0.8570312499999999	0.9980932716041654	0:00:04.426307
2040	0	0	0.09542889724618786	1	0.16171874999999997	0.7224354241124539	0:00:04.421444
2060	5	5	1.5783404473766316	1	0.5232812499999999	0.9987203357862791	0:00:04.422767
2080	1	1	0.9096456464751228	1	0.5	0.9655664994666243	0:00:04.422291
2100	2	-1	0.0	0	0.5	0.40994628499311536	0:00:04.421701
2120	4	8	1.052133702735267	0	0.3564062499999999	0.9984217073832394	0:00:04.422129
2140	9	9	2.1322508873118045	1	0.8014062499999999	0.9961003470802875	0:00:04.425994
2160	0	8	0.9390521016315316	0	0.5	0.9698165442759873	0:00:04.423886
2180	4	4	1.3592923318165913	1	0.41203124999999996	0.9995148556366323	0:00:04.422620
2200	0	0	0.3304388720094209	1	0.5232812499999999	0.7361349077105589	0:00:04.422854
2220	1	1	1.6833436511873006	1	0.5	0.9996196155034057	0:00:04.422864
2240	9	9	1.4345219863332093	1	0.8292187499999999	0.9581820126952658	0:00:04.424419
2260	4	7	0.2071316708505295	0	1.24640625	0.5659935757858866	0:00:04.424757
2280	4	8	1.1275690807477234	0	0.38421874999999994	0.9983306808514617	0:00:04.422194
2300	3	6	0.4207983167121031	0	0.5510937499999999	0.7774380508447718	0:00:04.423230
2320	5	2	0.7575611440170307	0	0.41203124999999996	0.9670130664796985	0:00:04.425361
2340	7	7	1.7372651286489844	1	0.5	0.9997441256771917	0:00:04.423270
2360	7	7	0.10388746619862184	1	0.69015625	0.55982575555906	0:00:04.425708
2380	8	8	1.3642678837221727	1	0.5	0.9968191904582054	0:00:04.423102
2400	0	0	1.335820628080719	1	0.46765625	0.9978577307974136	0:00:04.423320
2420	8	5	0.644552228544958	0	0.30078125	0.9839405152957407	0:00:04.421916
2440	7	7	1.3967240941614076	1	0.5232812499999999	0.9961979978327048	0:00:04.424157
2460	9	9	1.156260258707599	1	0.7457812500000001	0.9394773929364719	0:00:04.426070
2480	8	8	1.4185576758022707	1	0.5	0.9977238419040487	0:00:04.424436
2500	4	6	0.8751287310851174	0	0.69015625	0.8976037686855013	0:00:04.426039
2520	1	-1	0.0	0	0.5	0.47445460170938986	0:00:04.423314
2540	2	3	0.6724671992662831	0	0.30078125	0.9873154359381376	0:00:04.421795
2560	7	7	0.5758308148091429	1	1.21859375	0.6817282834839333	0:00:04.426724
2580	6	6	0.8373211830093159	1	0.38421874999999994	0.9853446543270681	0:00:04.421793
2600	8	8	1.8094460249550375	1	0.5	0.9998520664920749	0:00:04.423424
2620	1	1	1.320939143193786	1	0.8570312499999999	0.9383776623977733	0:00:04.426472
2640	7	7	1.7164906377264506	1	0.5	0.999701508337647	0:00:04.425642
2660	3	2	0.7006752484977209	0	0.24515624999999996	0.9978689100091912	0:00:04.422787
2680	0	0	1.7412475764489266	1	0.60671875	0.9979472640184153	0:00:04.424112
2700	9	9	0.3789277538792518	1	0.27296875	0.9174577612638807	0:00:04.422233
2720	3	3	0.1239003882031276	1	0.41203124999999996	0.6181807637082618	0:00:04.422009
2740	1	1	0.7745516250061328	1	0.8014062499999999	0.8331006313260058	0:00:04.425049
2760	2	2	0.752096424847408	1	0.3564062499999999	0.9825803946992823	0:00:04.422976
2780	7	7	2.1840579406576333	1	0.71796875	0.998824924233206	0:00:04.426364
2800	4	6	0.534016496787229	0	0.57890625	0.821855043630461	0:00:04.424997
2820	6	6	2.0181635702650396	1	0.63453125	0.9992650419498025	0:00:04.425733
2840	3	3	2.0289599127326556	1	0.8014062499999999	0.9943252487793223	0:00:04.425974
2860	5	-1	0.0	0	0.5	0.43971287797172365	0:00:04.422621
2880	4	4	1.9944637548113784	1	0.5232812499999999	0.9999309248330094	0:00:04.422659
2900	3	5	1.24835913163533	0	0.71796875	0.9589595195899354	0:00:04.426033
2920	2	2	0.2585136829150624	1	0.21734375	0.8828633978336766	0:00:04.424002
2940	3	0	0.6426406127780617	0	0.43984375	0.9280012927869188	0:00:04.427257
2960	9	9	0.7920813798642641	1	0.4954687499999999	0.9450508623127589	0:00:04.425925
2980	8	8	0.7030475210891296	1	0.30078125	0.9902909256887207	0:00:04.423433
3000	5	5	1.9327092836685011	1	0.5510937499999999	0.9997734417385464	0:00:04.424915
3020	1	1	1.4692386964684008	1	0.66234375	0.9867308303239058	0:00:04.425265
3040	7	7	2.2653656883908084	1	0.8570312499999999	0.9958945333623191	0:00:04.425623
3060	7	7	1.4874928726400514	1	0.5510937499999999	0.996524313213043	0:00:04.425003
3080	1	1	0.4296579310828931	1	0.3564062499999999	0.8860003498840593	0:00:04.425243
3100	0	0	1.6014906464183454	1	0.5232812499999999	0.9988950792707212	0:00:04.425526
3120	4	6	1.2380192304453825	0	0.57890625	0.983763883550565	0:00:04.425569
3140	8	8	1.4864044177211122	1	0.5	0.9985245591245756	0:00:04.424587
3160	6	-1	0.0	0	0.5	0.4555270474107107	0:00:04.422379
3180	3	9	1.101281138803725	0	0.7735937500000001	0.9227175559086402	0:00:04.425347
3200	5	5	0.028873331623146703	1	0.5	0.5230247881047904	0:00:04.423608
3220	3	9	1.1042736395346613	0	0.7735937500000001	0.923276234395903	0:00:04.427520
3240	4	-1	0.0	0	0.5	0.32102758869579123	0:00:04.424937
3260	7	7	0.8903055609211327	1	0.5	0.9625119992008568	0:00:04.426872
3280	3	5	1.7451038400733117	0	0.5	0.9997586773435911	0:00:04.424748
3300	4	4	0.2251826411755159	1	0.38421874999999994	0.7210888739573009	0:00:04.422716
3320	2	7	1.0993869285113305	0	0.5	0.9860529968549518	0:00:04.425476
3340	6	6	1.024485073414168	1	0.57890625	0.9616106695919623	0:00:04.424193
3360	4	6	0.45916015891600265	0	0.27296875	0.953725070439869	0:00:04.422925
3380	8	8	1.661173849929035	1	0.5	0.9995536830694733	0:00:04.426082
3400	6	4	0.6689673091914143	0	0.30078125	0.9869291114757383	0:00:04.424853
3420	5	3	0.5563890307982784	0	0.24515624999999996	0.9883818888271602	0:00:04.422546
3440	2	9	0.8977484650255934	0	0.71796875	0.8944233541617014	0:00:04.425710
3460	1	1	1.5213547345403804	1	0.66234375	0.9891885108911782	0:00:04.423942
3480	2	2	2.3166670861861225	1	0.63453125	0.9998693841638043	0:00:04.424306
3500	1	1	0.9669936719199751	1	0.60671875	0.9445105650054475	0:00:04.425576
3520	1	1	1.9158013989561833	1	0.69015625	0.9972475022252429	0:00:04.426910
3540	6	6	1.0427070754564418	1	0.5232812499999999	0.9768491324653283	0:00:04.426720
3560	1	9	0.7784404161723921	0	0.8014062499999999	0.8343112688633649	0:00:04.428578
3580	4	2	0.45613501881508545	0	0.30078125	0.9353036211835146	0:00:04.425013
3600	4	2	0.848998705472565	0	0.43984375	0.9732107008589949	0:00:04.424472
3620	0	0	0.34713380071475425	1	0.7735937500000001	0.6731863494589302	0:00:04.425819
3640	6	2	0.6858137918916565	0	0.5	0.9149102988380017	0:00:04.423602
3660	0	8	0.6039547995007567	0	0.24515624999999996	0.9931215740563313	0:00:04.422281
3680	0	2	0.16490936949586557	0	0.21734375	0.7759986632327567	0:00:04.422902
3700	3	3	0.6499502667815352	1	0.30078125	0.9846474481879144	0:00:04.423754
3720	2	2	1.6785891975449254	1	0.5	0.9996062885535688	0:00:04.425154
3740	0	0	1.2179451119865896	1	0.5510937499999999	0.9864491770873651	0:00:04.425915
3760	7	7	2.1326791808612446	1	0.71796875	0.9985131061745106	0:00:04.426178
3780	4	2	1.0603266869799153	0	0.30078125	0.9997884519347523	0:00:04.421295
3800	9	9	0.9209104846316885	1	0.69015625	0.9089555277240682	0:00:04.426857
3820	0	0	0.5322118207140781	1	0.27296875	0.9743950723507784	0:00:04.423898
3840	6	3	0.35103233688755725	0	0.21734375	0.9468557018009226	0:00:04.423722
3860	7	7	2.0522670924102195	1	0.57890625	0.99980375061591	0:00:04.426916
3880	6	4	0.5780807270961771	0	0.27296875	0.9829020566021152	0:00:04.423600
3900	3	6	0.8584001804822919	0	0.38421874999999994	0.9872632143118396	0:00:04.423325
3920	7	9	0.5230505536360068	0	0.71796875	0.7668506131912406	0:00:04.425238
3940	6	6	0.04731284385681868	1	0.5	0.5376939272314281	0:00:04.422705
3960	2	2	1.3140105866621474	1	0.43984375	0.998593416935857	0:00:04.423841
3980	9	7	0.4807797389322705	0	0.32859375	0.9282859121119748	0:00:04.424831
4000	8	7	0.45802505186501524	0	1.24640625	0.6433682047067657	0:00:04.428838
4020	8	8	1.4912457467972584	1	0.5	0.9985704370323826	0:00:04.426730
4040	0	0	1.5722389743814467	1	0.5	0.9991680827483818	0:00:04.424755
4060	6	6	0.9524068590980831	1	0.46765625	0.9791525844959313	0:00:04.423411
4080	1	1	0.9301151208240134	1	0.5	0.9685735209168409	0:00:04.424601
4100	7	7	2.1034634380866413	1	0.66234375	0.9992528498524882	0:00:04.424996
4120	4	4	0.7184352033675354	1	0.41203124999999996	0.9593892771740664	0:00:04.425756
4140	5	3	0.5619410275660626	0	0.24515624999999996	0.9890522265520773	0:00:04.425778
4160	5	5	0.8169750030136599	1	0.5	0.9488653257585786	0:00:04.427126
4180	0	8	1.0043597076643547	0	0.30078125	0.9995798542877441	0:00:04.423908
4200	4	2	0.8481066918247585	0	0.38421874999999994	0.986355321945876	0:00:04.423714
4220	4	0	1.9844516005262847	0	0.60671875	0.9994637685982972	0:00:04.425821
4240	7	0	0.7484436628749173	0	0.3564062499999999	0.982134411697032	0:00:04.423596
4260	8	8	1.4404655944696088	1	0.46765625	0.9989656236011553	0:00:04.424962
4280	8	8	0.580867072551935	1	0.24515624999999996	0.9910909097969118	0:00:04.423714
4300	8	8	1.490021189224315	1	0.5	0.9985589574588711	0:00:04.425942
4320	1	8	0.7027177562652269	0	0.27296875	0.9949786036668561	0:00:04.424963
4340	0	0	1.1771203141204096	1	0.38421874999999994	0.9989068084335712	0:00:04.424031
4360	6	3	0.6008381100620028	0	0.27296875	0.9861363822602165	0:00:04.425201
4380	9	9	1.3237441610569731	1	0.8570312499999999	0.9387747620676107	0:00:04.427357
4400	3	6	0.6108910353181606	0	0.5510937499999999	0.8661784455090487	0:00:04.424358
4420	5	5	0.22836428520424618	1	0.5	0.67606692366988	0:00:04.425263
4440	2	2	0.6476219958947572	1	0.30078125	0.9843458811683957	0:00:04.425948
4460	9	9	0.8485477944580521	1	0.60671875	0.9190312792146996	0:00:04.427006
4480	9	9	1.9647276391696324	1	0.7457812500000001	0.9957863845739002	0:00:04.427689
4500	3	5	0.935544503744199	0	0.5	0.9693336275128392	0:00:04.425715
4520	3	6	0.5580845934733554	0	0.57890625	0.8324852506589312	0:00:04.424590
4540	9	9	2.3041728789462463	1	0.8014062499999999	0.9979808994216173	0:00:04.426541
4560	1	1	1.3272370304127867	1	0.5510937499999999	0.9919880091487603	0:00:04.426407
4580	6	6	0.7485233540546729	1	0.69015625	0.8609441153460775	0:00:04.426560
4600	4	4	0.8063532556475712	1	0.30078125	0.9963283688783228	0:00:04.425744
4620	7	3	1.0938598225463751	0	0.43984375	0.9935574298159097	0:00:04.426972
4640	2	-1	0.0	0	0.5	0.4371758812647182	0:00:04.423838
4660	7	7	0.30764337238801215	1	0.5	0.7308173151037918	0:00:04.425156
4680	9	9	0.5240458322907233	1	0.5	0.852701811850645	0:00:04.425604
4700	6	-1	0.0	0	0.5	0.3585445336614748	0:00:04.423557
4720	8	0	0.5777175828168297	0	0.5510937499999999	0.8527523044193027	0:00:04.426474
4740	5	5	0.2938574321401891	1	0.71796875	0.658836574615498	0:00:04.427232
4760	3	2	0.39667003740432427	0	0.24515624999999996	0.9471718766800609	0:00:04.425467
4780	0	0	0.8447971296965446	1	0.43984375	0.9726136870824516	0:00:04.425434
4800	9	9	2.44976211841787	1	0.8292187499999999	0.998433111114035	0:00:04.426807
4820	3	5	0.5191013950321065	0	0.3564062499999999	0.9273711056401546	0:00:04.425106
4840	0	0	1.8239522343849885	1	0.71796875	0.9944642508578337	0:00:04.427281
4860	5	5	3.0286011752518553	1	1.88609375	0.945835932286525	0:00:04.430493
4880	0	7	0.8871635307562674	0	1.19078125	0.7718721357378867	0:00:04.429442
4900	3	-1	0.0	0	0.5	0.29401696940064587	0:00:04.426353
4920	7	7	1.5962179997593469	1	0.63453125	0.9940582678213818	0:00:04.427320
4940	6	6	1.2388134432441666	1	0.66234375	0.9692822601573661	0:00:04.425067
4960	4	4	0.03700438923988957	1	0.5	0.5294982998988569	0:00:04.423183
4980	1	9	1.335203619284951	0	0.63453125	0.9823210753964271	0:00:04.426914
5000	7	7	2.0605286154475455	1	0.71796875	0.9979472640184153	0:00:04.428105
5020	8	8	1.2734016233853895	1	0.41203124999999996	0.9990010564732301	0:00:04.426784
5040	3	3	0.5051144322494523	1	0.5	0.8438071733842429	0:00:04.426888
5060	6	6	0.8148928351002858	1	0.5	0.9484265982879767	0:00:04.425878
5080	7	7	1.8652226511825933	1	0.57890625	0.9993634533377911	0:00:04.426508
5100	3	3	1.505740968099996	1	0.4954687499999999	0.998813266660059	0:00:04.424612
5120	9	9	1.4550946958858657	1	0.7457812500000001	0.974477496070315	0:00:04.427603
5140	8	8	1.4551652122134116	1	0.5	0.9981947658476344	0:00:04.425671
5160	0	0	0.7164558150666562	1	0.5	0.924058453404828	0:00:04.427049
5180	9	7	0.37683920705644497	0	0.5	0.7744788267362802	0:00:04.426546
5200	3	3	1.9141850404916014	1	0.57890625	0.9995277450507511	0:00:04.425730
5220	0	0	1.1057780627390366	1	0.5	0.9865013251010976	0:00:04.425577
5240	1	9	0.47275991951317836	0	0.24515624999999996	0.9730974579506532	0:00:04.422518
5260	0	0	2.0108667667549223	1	0.60671875	0.9995406865541784	0:00:04.425469
5280	0	8	1.2546344151906224	0	0.41203124999999996	0.9988365914931463	0:00:04.427074
5300	9	9	1.6131077756775511	1	0.57890625	0.9973357633517592	0:00:04.427073
5320	7	7	1.5525427024069447	1	0.57890625	0.9963392422109242	0:00:04.427494
5340	3	4	0.887146867905836	0	0.43984375	0.9781501107838534	0:00:04.426017
5360	9	9	1.9227932694062269	1	0.8292187499999999	0.9897970856078891	0:00:04.427540
5380	1	9	1.3896481819509525	0	0.8848437499999999	0.9418507236918614	0:00:04.427809
5400	9	9	1.2324511845963397	1	0.5510937499999999	0.9873363259778204	0:00:04.424743
5420	6	6	1.0384874989305346	1	0.5	0.9810980665625866	0:00:04.425659
5440	9	9	2.628430233190789	1	0.8570312499999999	0.998918548597001	0:00:04.428281
5460	0	0	1.9031869713256642	1	0.66234375	0.9979696838446065	0:00:04.428005
5480	1	1	0.8598814699605449	1	0.4954687499999999	0.9586730474399281	0:00:04.426355
5500	8	8	1.2897957446632624	1	0.3564062499999999	0.9998520664920749	0:00:04.425092
5520	4	4	0.2257576673397278	1	0.21734375	0.850530764269565	0:00:04.423973
5540	5	6	0.21694441209666518	0	0.60671875	0.6396674268076934	0:00:04.424791
5560	3	5	0.3533248289409225	0	0.21734375	0.9479879151664373	0:00:04.422011
5580	5	6	0.3962697993750575	0	0.63453125	0.7338529689485244	0:00:04.426176
5600	6	9	0.37013601736459845	0	0.71796875	0.6969094167062383	0:00:04.428064
5620	3	6	2.17584564063795	0	1.1629687499999999	0.9693233539384548	0:00:04.429618
5640	2	3	0.47857551735687015	0	0.27296875	0.9602182657991079	0:00:04.425283
5660	9	9	0.8833392683537318	1	0.5510937499999999	0.945519849382274	0:00:04.425900
5680	2	3	0.23972806758192292	0	0.3564062499999999	0.7494073336336995	0:00:04.424297
5700	3	-1	0.0	0	0.5	0.35307048920169326	0:00:04.424932
5720	9	9	1.7283978690068245	1	0.69015625	0.993866296670535	0:00:04.427705
5740	6	4	1.0288536730567108	0	0.30078125	0.9996875892797028	0:00:04.424588
5760	2	2	0.8538676989346394	1	0.5	0.9561572745661885	0:00:04.425735
5780	7	7	2.075344837651537	1	0.60671875	0.9996875892797028	0:00:04.427770
5800	2	6	0.21171131394227027	0	0.71796875	0.6159554631404304	0:00:04.426461
5820	5	5	0.3080842449444397	1	0.46765625	0.7449826141930992	0:00:04.424426
5840	2	-1	0.0	0	0.5	0.40368770832001644	0:00:04.424542
5860	0	-1	0.0	0	0.5	0.3680783257463994	0:00:04.424811
5880	0	0	1.0408407958667107	1	0.46765625	0.9869813020419245	0:00:04.425779
5900	4	5	0.2695262446550065	0	0.5	0.7050746814927212	0:00:04.425825
5920	8	8	2.6212341640739925	1	0.8014062499999999	0.9994637685982972	0:00:04.428049
5940	7	4	0.8812408375605412	0	0.32859375	0.9963392422109242	0:00:04.424503
5960	2	6	0.5840719585217002	0	0.57890625	0.843494271170949	0:00:04.425246
5980	9	9	2.0891365073338206	1	0.8292187499999999	0.9941223048039387	0:00:04.426658
6000	8	8	1.2897957446632624	1	0.3564062499999999	0.9998520664920749	0:00:04.424724
6020	6	6	1.0876467055519858	1	0.41203124999999996	0.9958512598989038	0:00:04.425732
6040	2	7	0.4167273580254615	0	0.27296875	0.9365757915505226	0:00:04.425470
6060	3	-1	0.0	0	0.5	0.464000603417257	0:00:04.425738
6080	1	1	0.8300053514559894	1	0.43984375	0.9704229248382091	0:00:04.426634
6100	1	1	1.5433151845676427	1	0.8014062499999999	0.9729327545741753	0:00:04.426601
6120	5	5	1.1502946917342347	1	0.57890625	0.9765395646794106	0:00:04.425877
6140	9	9	1.8886243241004004	1	0.7457812500000001	0.9943359369604872	0:00:04.425804
6160	2	2	0.39577665016238994	1	0.27296875	0.9264564180439958	0:00:04.426163
6180	0	0	0.9331205245336356	1	0.38421874999999994	0.9924217513426243	0:00:04.426602
6200	3	3	0.769393263344291	1	0.32859375	0.9903960821962395	0:00:04.426136
6220	2	5	0.3164369568037176	0	0.24515624999999996	0.901605890003428	0:00:04.422566
6240	2	2	0.46846008560235824	1	0.27296875	0.9569343012230651	0:00:04.423032
6260	2	9	0.5471705058872374	0	0.7457812500000001	0.7684304418111794	0:00:04.425973
6280	8	5	0.5714146842232657	0	0.32859375	0.9589799828887494	0:00:04.424192
6300	1	1	0.6525341690190464	1	0.38421874999999994	0.9552782191961929	0:00:04.425919
6320	0	0	1.0778935831395133	1	0.5	0.98444985597186	0:00:04.427023
6340	3	3	1.0635789439785905	1	0.5	0.9832965165937013	0:00:04.426556
6360	2	2	1.0841863248400567	1	0.3564062499999999	0.998824924233206	0:00:04.424245
6380	3	6	0.21508005137239486	0	0.21734375	0.8388114262598241	0:00:04.423063
6400	0	0	0.7195487388644998	1	0.32859375	0.9857299812172312	0:00:04.423731
6420	7	7	1.5435961786559607	1	0.5232812499999999	0.9984103094611876	0:00:04.425661
6440	3	9	0.6134921737049401	0	0.71796875	0.803581319350031	0:00:04.425742
6460	3	1	0.12651959909056817	0	0.71796875	0.5699389783007207	0:00:04.427204
6480	0	0	1.025175341727865	1	0.38421874999999994	0.9961871424594511	0:00:04.426215
6500	7	-1	0.0	0	0.5	0.3774644579297167	0:00:04.424702
6520	6	6	1.369031363771232	1	0.8014062499999999	0.9562083892922147	0:00:04.427784
6540	8	8	1.4402336452332156	1	0.5	0.9980145692359268	0:00:04.424678
6560	6	6	1.3092971158793203	1	0.57890625	0.9881412186275745	0:00:04.425472
6580	1	1	0.1693177662455479	1	0.71796875	0.5932172714733945	0:00:04.426213
6600	7	7	2.237293405522814	1	0.8848437499999999	0.9942718183966079	0:00:04.428419
6620	7	7	1.4112826047851688	1	0.57890625	0.9926124071858147	0:00:04.427939
6640	5	3	1.3229637263681986	0	0.4954687499999999	0.9962088545487942	0:00:04.426973
6660	0	0	0.9011701190538767	1	0.5	0.9642540542851503	0:00:04.425945
6680	3	5	2.7174391304928878	0	1.88609375	0.925176051165991	0:00:04.429686
6700	6	6	0.8242354058325464	1	0.69015625	0.8838145241836871	0:00:04.425901
6720	2	2	1.2372540752306502	1	0.41203124999999996	0.9986625299517738	0:00:04.424021
6740	2	6	1.0802639811294914	0	0.7735937500000001	0.9187063993746281	0:00:04.428322
6760	5	5	1.7151037424235018	1	0.66234375	0.9951934828303932	0:00:04.427853
6780	7	7	2.114412536587983	1	0.69015625	0.9989068084335712	0:00:04.426708
6800	6	6	1.129506327753773	1	0.66234375	0.95593237878676	0:00:04.427365
6820	1	1	1.8865114657938358	1	0.66234375	0.9978018860569671	0:00:04.426296
6840	9	9	0.9216167665097432	1	0.66234375	0.9179551637505987	0:00:04.427305
6860	0	0	1.1597879980741788	1	0.5	0.9898180871906692	0:00:04.425469
6880	2	2	1.5356766374233939	1	0.5232812499999999	0.9983306808514617	0:00:04.427098
6900	3	3	0.40307182459510993	1	0.24515624999999996	0.9499266208075255	0:00:04.426853
6920	5	2	1.3490614118054962	0	0.5	0.9965134146182302	0:00:04.425966
6940	1	1	2.374786333293991	1	0.8848437499999999	0.9963609931675425	0:00:04.428709
6960	9	9	0.3800967055088647	1	0.63453125	0.7254201190404979	0:00:04.425842
6980	0	9	1.016292832296632	0	0.8570312499999999	0.8821551559726459	0:00:04.427396
7000	2	8	1.1417089267340046	0	0.32859375	0.9997441256771917	0:00:04.423578
7020	7	7	1.8482894286975107	1	0.66234375	0.9973689005374883	0:00:04.426067
7040	7	8	0.987573302698839	0	0.32859375	0.9986740751847655	0:00:04.425398
7060	8	8	1.0977811974543306	1	0.5	0.9859383598308702	0:00:04.427408
7080	5	4	0.6947066866966344	0	0.3564062499999999	0.9743641645759091	0:00:04.425984
7100	9	3	0.11113434117356487	0	0.5	0.5879476348956365	0:00:04.426996
7120	7	7	1.3627134556291574	1	0.8014062499999999	0.9554724100784595	0:00:04.428250
7140	4	4	0.80433087544374	1	0.38421874999999994	0.9818441212126345	0:00:04.423175
7160	5	5	1.2140557928659572	1	0.5	0.9924111636316341	0:00:04.424938
7180	6	6	1.6460760767518943	1	0.57890625	0.9977684192228353	0:00:04.426432
7200	4	6	0.8110958815858574	0	0.66234375	0.8896340921938719	0:00:04.427505
7220	9	9	1.2253178528719286	1	0.63453125	0.9732621774387847	0:00:04.428525
7240	0	8	1.1517371716982001	0	0.38421874999999994	0.9986394625553839	0:00:04.423949
7260	1	1	0.72160284934748	1	0.38421874999999994	0.9698165442759873	0:00:04.425259
7280	1	1	0.4857471376918137	1	1.19078125	0.6583349208043756	0:00:04.428315
7300	3	-1	0.0	0	0.5	0.3891074740696364	0:00:04.425961
7320	8	8	0.544872060638703	1	0.24515624999999996	0.9868769256515302	0:00:04.425879
7340	2	4	0.6460862793686678	0	0.41203124999999996	0.9415654599439913	0:00:04.425813
7360	2	-1	0.0	0	0.5	0.409686742690353	0:00:04.427486
7380	7	7	1.1895229534616538	1	0.43984375	0.9965788296616237	0:00:04.425271
7400	3	3	0.22647322125562025	1	0.32859375	0.7546574274745792	0:00:04.424951
7420	3	-1	0.0	0	0.5	0.3546258876851072	0:00:04.425516
7440	3	-1	0.0	0	0.5	0.2847985431821581	0:00:04.424514
7460	5	5	2.2685982584302895	1	0.60671875	0.9999076696662654	0:00:04.428097
7480	1	8	0.7033890339227297	0	0.32859375	0.9838469994447011	0:00:04.426422
7500	6	6	1.9157985321808608	1	0.7735937500000001	0.9933659652489031	0:00:04.428497
7520	4	4	0.8148008315178399	1	0.27296875	0.9985819234925059	0:00:04.422957
7540	5	5	2.27746490975648	1	0.8014062499999999	0.9977572701118141	0:00:04.428298
7560	0	0	0.6458458466070034	1	0.5	0.9017680323380706	0:00:04.425107
7580	8	8	1.3503932163222063	1	0.43984375	0.99893029997297	0:00:04.425156
7600	8	9	1.1448489524284837	0	0.66234375	0.958049037101017	0:00:04.428187
7620	5	3	0.9669636856241529	0	0.41203124999999996	0.9905328315633685	0:00:04.427141
7640	9	9	1.277060841763511	1	0.7457812500000001	0.9565866620231289	0:00:04.430044
7660	7	7	0.39162715892023403	1	0.24515624999999996	0.9449183309035157	0:00:04.424818
7680	3	9	0.8855922866938767	0	0.8014062499999999	0.8654305810454458	0:00:04.428365
7700	6	6	1.9330663464397058	1	0.57890625	0.9995798542877441	0:00:04.425618
7720	5	5	0.6029803159646266	1	0.5510937499999999	0.8630558352395394	0:00:04.427464
7740	4	2	0.8341568864851031	0	0.30078125	0.9972254600533704	0:00:04.424022
7760	2	9	0.3869810356171274	0	0.71796875	0.7050545926402367	0:00:04.428147
7780	3	9	0.1899796150909201	0	0.5	0.64801216043078	0:00:04.427575
7800	0	0	1.2972505605058515	1	0.57890625	0.9874825786825069	0:00:04.427233
7820	5	5	0.4831848028169589	1	0.5	0.8330703662827841	0:00:04.425313
7840	1	1	2.2644345149481504	1	0.8848437499999999	0.994753349212292	0:00:04.427138
7860	8	8	1.0942262616095744	1	0.3564062499999999	0.99893029997297	0:00:04.424425
7880	0	0	0.2519887890482525	1	0.18953124999999998	0.9081645485601771	0:00:04.425564
7900	0	8	0.14992846166355261	0	0.18953124999999998	0.785542232943938	0:00:04.425502
7920	9	9	0.6054506314684543	1	0.69015625	0.8098289198307005	0:00:04.428971
7940	2	6	1.3103123095553733	0	0.63453125	0.9805388933876389	0:00:04.428931
7960	0	0	0.6003004476788081	1	0.3564062499999999	0.9539396108188924	0:00:04.425541
7980	3	5	0.14409379120458055	0	0.18953124999999998	0.7764516097729836	0:00:04.423696
8000	9	9	1.3462086577835808	1	0.57890625	0.9899756349813957	0:00:04.426028
8020	6	6	0.34762827477743297	1	0.69015625	0.6927621501736332	0:00:04.425748
8040	2	2	1.0545094493164993	1	0.5	0.9825285248013806	0:00:04.427501
8060	6	6	1.1387377402188936	1	0.5510937499999999	0.9806010086852093	0:00:04.427529
8080	4	6	0.5539023740899436	0	0.63453125	0.8086498172219787	0:00:04.426972
8100	6	2	0.9277649704642352	0	0.38421874999999994	0.9921254601098098	0:00:04.426035
8120	8	8	0.8398714501243917	1	0.27296875	0.9989538372451873	0:00:04.424563
8140	5	4	0.14938562994612117	0	0.41203124999999996	0.641532821536843	0:00:04.424583
8160	6	6	1.4447592767402175	1	0.5510937499999999	0.9956243731231044	0:00:04.427578
8180	4	6	1.7127305336848413	0	0.7457812500000001	0.989178025962728	0:00:04.428542
8200	3	-1	0.0	0	0.5	0.4091277331917061	0:00:04.427632
8220	6	6	0.39691227230937687	1	0.21734375	0.9660896231235756	0:00:04.424943
8240	7	7	2.0403492416320974	1	0.71796875	0.9977572701118141	0:00:04.427607
8260	1	1	2.0196538385531517	1	0.69015625	0.998285296327133	0:00:04.427954
8280	4	5	1.071334092342461	0	0.5	0.9839301240952703	0:00:04.427120
8300	5	2	0.8958364321449603	0	0.32859375	0.9967973050808917	0:00:04.425220
8320	7	7	0.47792522216968497	1	0.43984375	0.8613886657003953	0:00:04.426528
8340	5	5	1.1013685532603166	1	0.41203124999999996	0.9962414328168995	0:00:04.426867
8360	7	7	1.5883927694875433	1	0.5510937499999999	0.9980258003238734	0:00:04.427650
8380	9	9	1.7151550537741846	1	0.69015625	0.9935255063412932	0:00:04.427569
8400	0	8	0.5270137014084484	0	0.24515624999999996	0.9842107353677939	0:00:04.424399
8420	3	6	1.0521883466844584	0	0.57890625	0.9654331724118196	0:00:04.425740
8440	5	5	0.16331128112408813	1	0.69015625	0.5935278572672338	0:00:04.426070
8460	8	8	1.9057282816949572	1	0.5	0.9999309248330094	0:00:04.426832
8480	2	2	0.25588483918257265	1	0.5	0.6955938930794918	0:00:04.427144
8500	4	4	0.2756260158668644	1	0.24515624999999996	0.8695543810569064	0:00:04.423886
8520	8	8	0.9130008301604854	1	0.32859375	0.9972695535175284	0:00:04.425146
8540	4	2	1.2524208051264047	0	0.32859375	0.9999309248330094	0:00:04.423828
8560	7	7	1.211042869880824	1	0.5	0.9922841454488021	0:00:04.426682
8580	3	5	1.103429477040325	0	0.43984375	0.9939409275985372	0:00:04.426224
8600	3	-1	0.0	0	0.5	0.4966989609306514	0:00:04.425602
8620	3	-1	0.0	0	0.5	0.3071415537215779	0:00:04.427332
8640	1	1	1.7319534383221542	1	0.8014062499999999	0.9846578492485076	0:00:04.430821
8660	7	7	1.1020240005266135	1	0.38421874999999994	0.9979360596998786	0:00:04.426718
8680	3	9	0.6215508982319434	0	0.71796875	0.8066746942117524	0:00:04.426510
8700	3	3	0.39647420166748776	1	0.27296875	0.9268121158956965	0:00:04.424552
8720	2	0	1.565982961337195	0	0.60671875	0.995075255426065	0:00:04.426786
8740	2	6	0.22894029595999113	0	0.69015625	0.6299505621662943	0:00:04.427499
8760	8	8	1.9527242112841798	1	0.69015625	0.9976681904300823	0:00:04.429670
8780	4	4	0.5639953661576684	1	0.32859375	0.9569547517076267	0:00:04.425018
8800	0	0	2.5105327027603033	1	0.7735937500000001	0.9994133357129151	0:00:04.428629
8820	2	2	1.8588837879991666	1	0.57890625	0.9993386932139904	0:00:04.426577
8840	2	1	0.7958346598580524	0	0.96828125	0.7944343574794779	0:00:04.427942
8860	2	2	0.9541317593847596	1	0.5	0.9718214171988659	0:00:04.426260
8880	1	1	1.2107938348200307	1	0.5	0.9922735634336275	0:00:04.426143
8900	2	2	0.5443898571676242	1	0.27296875	0.9769420165960202	0:00:04.426893
8920	6	6	1.9489963211402963	1	0.57890625	0.9996196155034057	0:00:04.427289
8940	6	3	1.2138029691568306	0	0.5	0.9924005763645636	0:00:04.428019
8960	0	0	1.7263064160992658	1	0.5232812499999999	0.9995148556366323	0:00:04.426548
8980	9	9	2.194077805113672	1	0.8292187499999999	0.9959270008903022	0:00:04.428742
9000	8	8	2.3045490019498462	1	0.69015625	0.9995798542877441	0:00:04.427881
9020	7	7	1.145724373095065	1	0.5	0.989031263498577	0:00:04.427489
9040	2	5	1.4029120772370236	0	0.5	0.9974905963623352	0:00:04.427023
9060	9	9	1.724712898042116	1	0.8570312499999999	0.977912531993346	0:00:04.429987
9080	3	-1	0.0	0	0.5	0.3073208268170425	0:00:04.426722
9100	9	1	0.2626124703622815	0	0.91265625	0.613229112389986	0:00:04.428550
9120	3	-1	0.0	0	0.5	0.2592060213420456	0:00:04.425853
9140	7	7	0.9411276500288762	1	0.3564062499999999	0.9958620765040608	0:00:04.426122
9160	5	5	0.8958559192472068	1	0.43984375	0.9791629237077665	0:00:04.426389
9180	5	5	2.208842026712149	1	0.69015625	0.9993140426289315	0:00:04.429521
9200	8	8	1.7299243415456917	1	0.5	0.9997297604922165	0:00:04.427151
9220	8	8	1.956614877023703	1	0.5232812499999999	0.9999076696662654	0:00:04.427305
9240	8	8	1.201586950632427	1	0.41203124999999996	0.998228678726929	0:00:04.425276
9260	5	5	1.0155942074298994	1	0.38421874999999994	0.9958945333623191	0:00:04.424967
9280	9	9	0.14561487956189795	1	0.5	0.614562197994022	0:00:04.426934
9300	5	5	0.7719610822166175	1	0.46765625	0.9506002749221919	0:00:04.427676
9320	9	9	2.0678330326855625	1	0.7735937500000001	0.9962414328168995	0:00:04.430060
9340	1	1	1.6785891975449254	1	0.5	0.9996062885535688	0:00:04.428590
9360	5	0	0.4133087213249561	0	0.4954687499999999	0.7979094238888462	0:00:04.426240
9380	5	5	0.11729383007705049	1	0.16171874999999997	0.7658645193056439	0:00:04.424392
9400	6	6	1.7794823844852417	1	0.63453125	0.9974795201945408	0:00:04.425659
9420	5	5	1.2637519231258594	1	0.46765625	0.9965570183549712	0:00:04.426214
9440	8	8	1.7581813377089892	1	0.5510937499999999	0.9992894943611055	0:00:04.427935
9460	3	7	0.43368606567753354	0	0.43984375	0.8379335150723336	0:00:04.426421
9480	2	4	0.7229522265370469	0	0.30078125	0.9918823246036521	0:00:04.424871
9500	9	9	0.44573332930502313	1	0.69015625	0.7408098316586951	0:00:04.427918
9520	1	1	1.3715847145498434	1	0.60671875	0.9881098355452285	0:00:04.427693
9540	5	5	1.6104531653582923	1	0.5510937499999999	0.9982626345490061	0:00:04.426332
9560	9	7	1.3516819894204097	0	0.5	0.996567923214983	0:00:04.425958
9580	1	1	1.6089990176464277	1	0.7735937500000001	0.9812327286314559	0:00:04.428885
9600	8	8	1.3083059217542155	1	0.5	0.9955596367448709	0:00:04.427455
9620	4	4	0.4155830008452188	1	0.21734375	0.97206832042761	0:00:04.425204
9640	5	5	0.7665433136547084	1	0.3564062499999999	0.9842523161258249	0:00:04.426003
9660	6	6	1.8510071237766108	1	0.66234375	0.9974020598355419	0:00:04.427073
9680	8	8	1.3454567833477702	1	0.5	0.9964371673160242	0:00:04.425597
9700	0	0	1.3033967088073588	1	0.5	0.9954302759156788	0:00:04.426543
9720	8	8	0.7443138284882681	1	0.24515624999999996	0.9988016186073931	0:00:04.423306
9740	3	6	1.239955215246358	0	0.57890625	0.9838989513207567	0:00:04.427164
9760	9	7	0.6896561782602203	0	0.27296875	0.9942397685103185	0:00:04.425508
9780	4	6	1.6747866270856786	0	0.5510937499999999	0.998813266660059	0:00:04.427301
9800	1	1	2.7089894720808516	1	0.94046875	0.9980145692359268	0:00:04.427852
9820	0	8	0.9272417996537494	0	0.32859375	0.9976126140514848	0:00:04.423774
9840	4	3	0.24155950272143076	0	0.18953124999999998	0.8987586618919206	0:00:04.423928
9860	0	-1	0.0	0	0.5	0.4505614832036589	0:00:04.424980
9880	7	7	1.325401459703777	1	0.71796875	0.967557046700448	0:00:04.428286
9900	8	8	0.9615875079187862	1	0.32859375	0.998285296327133	0:00:04.426305
9920	6	6	1.9277850690034233	1	0.69015625	0.9973910042506013	0:00:04.428265
9940	4	5	0.2070182412089619	0	0.18953124999999998	0.8626415532024265	0:00:04.425620
9960	2	0	1.7477544671623815	0	0.7457812500000001	0.9904486719123513	0:00:04.427770
9980	0	0	1.7493399095320323	1	0.63453125	0.9970824002372126	0:00:04.427614
